00000000000000000000000000000000000000000001100000
00000000000000000000000000000000000000000001100000
00000000000000000000000000000000000000000000000000
00000000000000000000000000000000000000000000000000
00000000000000000000000000001100000000000000000000
00000000000000000000000000001100000000000000000000
00000000000000000000000000000000000000000000000000
00000000000000000000000000000000000000000000001000
00000000000000000000000000000000000000000000001000
00000000000000000000000000000000000000000000001000
00000000000000000000000000000000000000000000000000
00000000000000000000000000000000000000000000000000
00000000000000000000000000000000000000000000000000
00000000000000000000000000000000000000000000000000
00000000000000000000000000000000000000011000000000
00000000000000000000000000000000000000100100000000
00000000000000000000000000000000000000011000000000
00000000000000000000000000000000000000000000000000
00000000000000000000000000000000000000000000000000
00000000000000000000000000000000000000000000000000
00000000000000000110000000000000000000000000000000
00000000000000000110001100000000000000110000000110
00000000000000000000001100000000000000110000000110
00000000000000000000000000000000000000000000000000
00000000000000000000000000000000000000000000000000
00000000000000000000000000000000000000000000000000
00000000000000000000010000000000000000000000000000
00000000000000000000101000000000000000000000000000
00000000000000000000101000000000000000000000000000
00000010000000000000010000000000000000000000000000
00000101000000000000000000000000000000000000000000
00000100100000000000000000000000000000000000000000
00000011000000000000000000000000000000000000000000
00110000000000000000000000000000000000000000000000
01001000000000000000000000000011000000000000000000
00101000000000000000000000000011000000000000000000
00010000000000000000000000000000000000000000000000
00000000000000000000000000000000000000000000000000
00000000000000000000000000000000000000000000000000
00000000000000000000000000000000000000000000000000
00000000000000000000000000000000000000000000000000
00000000000000000000000000000000000000000001110000
00000000000000000011000000000000000000000000000000
00000000000000000011000000000000000000000100000000
00000000000000000000000000000000000000000100000000
00000000000000000000000000000000000000000100000100
00000000000000000000000000000000000000000000001010
00000000001100000000000000000000000000000000001001
00000000001001000000000000000000000000000000000110
00000000000111000000000000000000000000000000000000
